------ cal_detour ------
    --- (1) bib dijkstra method ---
        length: 31
        path: [2, 61, 22, 5, 3, 17, 12]
        S: [0, 1, 2, 3, 4, 5, 6, 7, 8, 9, 10, 11, 12, 13, 14, 15, 16, 17, 18, 19, 20, 21, 22, 23, 26, 27, 28, 29, 30, 31, 32, 33, 34, 35, 37, 39, 40, 41, 42, 43, 44, 45, 46, 47, 48, 49, 51, 52, 53, 54, 55, 57, 58, 59, 61, 62, 63, 64, 65, 66, 67, 68, 69, 70, 71, 72, 73, 74, 75, 77, 78, 79, 80, 82, 83, 84, 85, 86, 87, 88, 89, 90, 93, 94, 95, 96, 97, 98, 99]
        T: [0, 1, 3, 4, 5, 6, 7, 8, 9, 10, 11, 12, 13, 14, 15, 16, 17, 18, 19, 20, 21, 22, 23, 24, 25, 26, 27, 28, 29, 30, 31, 32, 33, 34, 35, 36, 37, 38, 39, 40, 41, 42, 43, 44, 45, 46, 47, 48, 49, 50, 51, 52, 53, 54, 55, 56, 57, 58, 59, 60, 61, 62, 63, 64, 65, 66, 67, 68, 69, 70, 71, 72, 73, 74, 75, 76, 77, 78, 79, 80, 82, 83, 84, 85, 86, 87, 88, 89, 90, 91, 92, 93, 94, 95, 96, 97, 98, 99]
        F: [(1, 50), (1, 76), (1, 91), (3, 24), (3, 36), (3, 60), (3, 76), (5, 25), (5, 36), (5, 50), (5, 56), (5, 76), (7, 36), (8, 50), (10, 24), (11, 38), (11, 91), (13, 25), (13, 56), (17, 24), (20, 92), (23, 25), (27, 38), (28, 24), (33, 38), (54, 38), (67, 92), (71, 36), (74, 38), (83, 36), (85, 92), (87, 38), (90, 24), (99, 24)]
        U: [24, 25, 36, 38, 50, 56, 60, 76, 91, 92]
    --- (2) make Hmid ---
    --- (3) process about Gs ---
    --- (4) process about Gt---
    --- (5) make Hs & Ht ---
    --- (6) make PathGraph ---
    --- (7) find k-path ---
        20321312: 53
        2017112: 48
        20347312: 55
        2038312: 55
        20396312: 57
        204112: 49
        207137112: 55
        205345312: 42
        205312: 40
        20331312: 57
        2010312: 58
        2058112: 57
        20397312: 59
        20300112: 54
        2019112: 54
        20126112: 60
        20160112: 50
        204574112: 51
        20981112: 45
        20597312: 42
        20112: 44
        20840112: 52
        20190112: 54
        20710112: 54
        2015112: 55
        20312: 51
        2039697312: 59
        20521312: 42
        201911112: 58
        2040112: 50
        20930112: 54
        20980112: 50
        20950112: 56
        2011712: 49
        20670112: 60
        205405312: 52
        205185312: 52
        205665312: 60
        207112: 53
        20580112: 50
        2058801112: 60
        203975312: 59
        2039796312: 59
        203215312: 59
        2031312: 55
        205635312: 52
        2051112: 48
        2012621312: 55
        20679112: 60
        204854112: 53
        2048312: 43
        204190112: 57
        2098840112: 60
        204394112: 59
        20117721712: 55
        20117741712: 59
        20596312: 46
        205854112: 57
        2054112: 54
        203211712: 56
        201526112: 55
        20168312: 60
        201947312: 57
        2045312: 45
        204312: 43
        20464112: 58
        20527281712: 44
        204950112: 58
        2057112: 53
        205275312: 54
        2050112: 50
        205137112: 50
        2049026112: 60
        2612396312: 52
        203891712: 58
        20563574112: 57
        2019312: 57
        2053421312: 47
        205149112: 58
        20100112: 54
        2010481712: 55
        20450112: 60
        20455312: 53
        201953312: 47
        20585312: 53
        2030345312: 57
        261231712: 49
        2016185312: 53
        201689312: 60
        20165312: 57
        20954112: 57
        20527137112: 54
        2084981112: 55
        20194112: 56
        2015721712: 55
        2016741712: 47
        201668112: 57
        205135312: 58
        204855312: 48
        20514481712: 53
        20845312: 57
        20958312: 56
        205325312: 58
        20540137112: 56
    --- (8) make Gd ---
    --- (9) calculate overlap ---
        [2, 0, 3, 21, 3, 12]: 0.0
        [2, 0, 1, 7, 1, 12]: 0.0
        [2, 0, 3, 47, 3, 12]: 0.0
        [2, 0, 3, 8, 3, 12]: 0.0
        [2, 0, 3, 96, 3, 12]: 0.0
        [2, 0, 4, 1, 12]: 0.0
        [2, 0, 7, 13, 7, 1, 12]: 0.0
        [2, 0, 5, 34, 5, 3, 12]: 3.0
        [2, 0, 5, 3, 12]: 3.0
        [2, 0, 3, 31, 3, 12]: 0.0
        [2, 0, 10, 3, 12]: 0.0
        [2, 0, 58, 1, 12]: 0.0
        [2, 0, 3, 97, 3, 12]: 0.0
        [2, 0, 30, 0, 1, 12]: 0.0
        [2, 0, 1, 9, 1, 12]: 0.0
        [2, 0, 1, 26, 1, 12]: 0.0
        [2, 0, 16, 0, 1, 12]: 0.0
        [2, 0, 4, 57, 4, 1, 12]: 0.0
        [2, 0, 98, 11, 12]: 0.0
        [2, 0, 5, 97, 3, 12]: 0.0
        [2, 0, 1, 12]: 0.0
        [2, 0, 84, 0, 1, 12]: 0.0
        [2, 0, 19, 0, 1, 12]: 0.0
        [2, 0, 71, 0, 1, 12]: 0.0
        [2, 0, 15, 1, 12]: 0.0
        [2, 0, 3, 12]: 0.0
        [2, 0, 3, 96, 97, 3, 12]: 0.0
        [2, 0, 5, 21, 3, 12]: 0.0
        [2, 0, 1, 91, 11, 12]: 0.0
        [2, 0, 4, 0, 1, 12]: 0.0
        [2, 0, 93, 0, 1, 12]: 0.0
        [2, 0, 98, 0, 1, 12]: 0.0
        [2, 0, 95, 0, 1, 12]: 0.0
        [2, 0, 1, 17, 12]: 7.0
        [2, 0, 67, 0, 1, 12]: 0.0
        [2, 0, 5, 40, 5, 3, 12]: 3.0
        [2, 0, 5, 18, 5, 3, 12]: 3.0
        [2, 0, 5, 66, 5, 3, 12]: 3.0
        [2, 0, 7, 1, 12]: 0.0
        [2, 0, 58, 0, 1, 12]: 0.0
        [2, 0, 58, 80, 11, 12]: 0.0
        [2, 0, 3, 97, 5, 3, 12]: 3.0
        [2, 0, 3, 97, 96, 3, 12]: 0.0
        [2, 0, 3, 21, 5, 3, 12]: 3.0
        [2, 0, 31, 3, 12]: 0.0
        [2, 0, 5, 63, 5, 3, 12]: 3.0
        [2, 0, 5, 11, 12]: 0.0
        [2, 0, 1, 26, 21, 3, 12]: 0.0
        [2, 0, 67, 9, 1, 12]: 0.0
        [2, 0, 4, 85, 4, 1, 12]: 0.0
        [2, 0, 4, 8, 3, 12]: 0.0
        [2, 0, 4, 19, 0, 1, 12]: 0.0
        [2, 0, 98, 84, 0, 1, 12]: 0.0
        [2, 0, 4, 39, 4, 1, 12]: 0.0
        [2, 0, 1, 17, 72, 17, 12]: 7.0
        [2, 0, 1, 17, 74, 17, 12]: 7.0
        [2, 0, 5, 96, 3, 12]: 0.0
        [2, 0, 5, 85, 4, 1, 12]: 0.0
        [2, 0, 5, 4, 1, 12]: 0.0
        [2, 0, 3, 21, 17, 12]: 7.0
        [2, 0, 15, 26, 1, 12]: 0.0
        [2, 0, 1, 6, 8, 3, 12]: 0.0
        [2, 0, 1, 9, 47, 3, 12]: 0.0
        [2, 0, 4, 5, 3, 12]: 3.0
        [2, 0, 4, 3, 12]: 0.0
        [2, 0, 4, 64, 1, 12]: 0.0
        [2, 0, 5, 27, 28, 17, 12]: 7.0
        [2, 0, 4, 95, 0, 1, 12]: 0.0
        [2, 0, 5, 7, 1, 12]: 0.0
        [2, 0, 5, 27, 5, 3, 12]: 3.0
        [2, 0, 5, 0, 1, 12]: 0.0
        [2, 0, 5, 13, 7, 1, 12]: 0.0
        [2, 0, 4, 90, 26, 1, 12]: 0.0
        [2, 61, 23, 96, 3, 12]: 9.0
        [2, 0, 3, 89, 17, 12]: 7.0
        [2, 0, 5, 63, 57, 4, 1, 12]: 0.0
        [2, 0, 1, 9, 3, 12]: 0.0
        [2, 0, 5, 34, 21, 3, 12]: 0.0
        [2, 0, 5, 14, 9, 1, 12]: 0.0
        [2, 0, 10, 0, 1, 12]: 0.0
        [2, 0, 10, 48, 17, 12]: 7.0
        [2, 0, 45, 0, 1, 12]: 0.0
        [2, 0, 45, 5, 3, 12]: 3.0
        [2, 0, 19, 53, 3, 12]: 0.0
        [2, 0, 58, 5, 3, 12]: 3.0
        [2, 0, 30, 34, 5, 3, 12]: 3.0
        [2, 61, 23, 17, 12]: 16.0
        [2, 0, 16, 18, 5, 3, 12]: 3.0
        [2, 0, 16, 89, 3, 12]: 0.0
        [2, 0, 16, 5, 3, 12]: 3.0
        [2, 0, 95, 4, 1, 12]: 0.0
        [2, 0, 5, 27, 13, 7, 1, 12]: 0.0
        [2, 0, 84, 98, 11, 12]: 0.0
        [2, 0, 19, 4, 1, 12]: 0.0
        [2, 0, 15, 72, 17, 12]: 7.0
        [2, 0, 16, 74, 17, 12]: 7.0
        [2, 0, 16, 68, 1, 12]: 0.0
        [2, 0, 5, 13, 5, 3, 12]: 3.0
        [2, 0, 4, 85, 5, 3, 12]: 3.0
        [2, 0, 5, 14, 48, 17, 12]: 7.0
        [2, 0, 84, 5, 3, 12]: 3.0
        [2, 0, 95, 8, 3, 12]: 0.0
        [2, 0, 5, 32, 5, 3, 12]: 3.0
        [2, 0, 5, 40, 13, 7, 1, 12]: 0.0
    --- (10) check cycle ---
    --- (11) check detour ---
        [2, 0, 3, 21, 3, 12]: 0.0 (detour)
        [2, 0, 1, 7, 1, 12]: 0.0 (detour)
        [2, 0, 3, 47, 3, 12]: 0.0 (detour)
        [2, 0, 3, 8, 3, 12]: 0.0 (detour)
        [2, 0, 3, 96, 3, 12]: 0.0 (detour)
        [2, 0, 4, 1, 12]: 0.0 (detour)
        [2, 0, 7, 13, 7, 1, 12]: 0.0 (detour)
        [2, 0, 5, 34, 5, 3, 12]: 3.0
        [2, 0, 5, 3, 12]: 3.0
        [2, 0, 3, 31, 3, 12]: 0.0 (detour)
        [2, 0, 10, 3, 12]: 0.0 (detour)
        [2, 0, 58, 1, 12]: 0.0 (detour)
        [2, 0, 3, 97, 3, 12]: 0.0 (detour)
        [2, 0, 30, 0, 1, 12]: 0.0 (detour)
        [2, 0, 1, 9, 1, 12]: 0.0 (detour)
        [2, 0, 1, 26, 1, 12]: 0.0 (detour)
        [2, 0, 16, 0, 1, 12]: 0.0 (detour)
        [2, 0, 4, 57, 4, 1, 12]: 0.0 (detour)
        [2, 0, 98, 11, 12]: 0.0 (detour)
        [2, 0, 5, 97, 3, 12]: 0.0 (detour)
        [2, 0, 1, 12]: 0.0 (detour)
        [2, 0, 84, 0, 1, 12]: 0.0 (detour)
        [2, 0, 19, 0, 1, 12]: 0.0 (detour)
        [2, 0, 71, 0, 1, 12]: 0.0 (detour)
        [2, 0, 15, 1, 12]: 0.0 (detour)
        [2, 0, 3, 12]: 0.0 (detour)
        [2, 0, 3, 96, 97, 3, 12]: 0.0 (detour)
        [2, 0, 5, 21, 3, 12]: 0.0 (detour)
        [2, 0, 1, 91, 11, 12]: 0.0 (detour)
        [2, 0, 4, 0, 1, 12]: 0.0 (detour)
        [2, 0, 93, 0, 1, 12]: 0.0 (detour)
        [2, 0, 98, 0, 1, 12]: 0.0 (detour)
        [2, 0, 95, 0, 1, 12]: 0.0 (detour)
        [2, 0, 1, 17, 12]: 7.0
        [2, 0, 67, 0, 1, 12]: 0.0 (detour)
        [2, 0, 5, 40, 5, 3, 12]: 3.0
        [2, 0, 5, 18, 5, 3, 12]: 3.0
        [2, 0, 5, 66, 5, 3, 12]: 3.0
        [2, 0, 7, 1, 12]: 0.0 (detour)
        [2, 0, 58, 0, 1, 12]: 0.0 (detour)
        [2, 0, 58, 80, 11, 12]: 0.0 (detour)
        [2, 0, 3, 97, 5, 3, 12]: 3.0
        [2, 0, 3, 97, 96, 3, 12]: 0.0 (detour)
        [2, 0, 3, 21, 5, 3, 12]: 3.0
        [2, 0, 31, 3, 12]: 0.0 (detour)
        [2, 0, 5, 63, 5, 3, 12]: 3.0
        [2, 0, 5, 11, 12]: 0.0 (detour)
        [2, 0, 1, 26, 21, 3, 12]: 0.0 (detour)
        [2, 0, 67, 9, 1, 12]: 0.0 (detour)
        [2, 0, 4, 85, 4, 1, 12]: 0.0 (detour)
        [2, 0, 4, 8, 3, 12]: 0.0 (detour)
        [2, 0, 4, 19, 0, 1, 12]: 0.0 (detour)
        [2, 0, 98, 84, 0, 1, 12]: 0.0 (detour)
        [2, 0, 4, 39, 4, 1, 12]: 0.0 (detour)
        [2, 0, 1, 17, 72, 17, 12]: 7.0
        [2, 0, 1, 17, 74, 17, 12]: 7.0
        [2, 0, 5, 96, 3, 12]: 0.0 (detour)
        [2, 0, 5, 85, 4, 1, 12]: 0.0 (detour)
        [2, 0, 5, 4, 1, 12]: 0.0 (detour)
        [2, 0, 3, 21, 17, 12]: 7.0
        [2, 0, 15, 26, 1, 12]: 0.0 (detour)
        [2, 0, 1, 6, 8, 3, 12]: 0.0 (detour)
        [2, 0, 1, 9, 47, 3, 12]: 0.0 (detour)
        [2, 0, 4, 5, 3, 12]: 3.0
        [2, 0, 4, 3, 12]: 0.0 (detour)
        [2, 0, 4, 64, 1, 12]: 0.0 (detour)
        [2, 0, 5, 27, 28, 17, 12]: 7.0
        [2, 0, 4, 95, 0, 1, 12]: 0.0 (detour)
        [2, 0, 5, 7, 1, 12]: 0.0 (detour)
        [2, 0, 5, 27, 5, 3, 12]: 3.0
        [2, 0, 5, 0, 1, 12]: 0.0 (detour)
        [2, 0, 5, 13, 7, 1, 12]: 0.0 (detour)
        [2, 0, 4, 90, 26, 1, 12]: 0.0 (detour)
        [2, 61, 23, 96, 3, 12]: 9.0
        [2, 0, 3, 89, 17, 12]: 7.0
        [2, 0, 5, 63, 57, 4, 1, 12]: 0.0 (detour)
        [2, 0, 1, 9, 3, 12]: 0.0 (detour)
        [2, 0, 5, 34, 21, 3, 12]: 0.0 (detour)
        [2, 0, 5, 14, 9, 1, 12]: 0.0 (detour)
        [2, 0, 10, 0, 1, 12]: 0.0 (detour)
        [2, 0, 10, 48, 17, 12]: 7.0
        [2, 0, 45, 0, 1, 12]: 0.0 (detour)
        [2, 0, 45, 5, 3, 12]: 3.0
        [2, 0, 19, 53, 3, 12]: 0.0 (detour)
        [2, 0, 58, 5, 3, 12]: 3.0
        [2, 0, 30, 34, 5, 3, 12]: 3.0
        [2, 61, 23, 17, 12]: 16.0
        [2, 0, 16, 18, 5, 3, 12]: 3.0
        [2, 0, 16, 89, 3, 12]: 0.0 (detour)
        [2, 0, 16, 5, 3, 12]: 3.0
        [2, 0, 95, 4, 1, 12]: 0.0 (detour)
        [2, 0, 5, 27, 13, 7, 1, 12]: 0.0 (detour)
        [2, 0, 84, 98, 11, 12]: 0.0 (detour)
        [2, 0, 19, 4, 1, 12]: 0.0 (detour)
        [2, 0, 15, 72, 17, 12]: 7.0
        [2, 0, 16, 74, 17, 12]: 7.0
        [2, 0, 16, 68, 1, 12]: 0.0 (detour)
        [2, 0, 5, 13, 5, 3, 12]: 3.0
        [2, 0, 4, 85, 5, 3, 12]: 3.0
        [2, 0, 5, 14, 48, 17, 12]: 7.0
        [2, 0, 84, 5, 3, 12]: 3.0
        [2, 0, 95, 8, 3, 12]: 0.0 (detour)
        [2, 0, 5, 32, 5, 3, 12]: 3.0
        [2, 0, 5, 40, 13, 7, 1, 12]: 0.0 (detour)
    --- (12) output ---
        [2, 61, 22, 5, 3, 17, 12]: 31
        [2, 0, 5, 97, 3, 12]: 42
        [2, 0, 5, 21, 3, 12]: 42
        [2, 0, 4, 8, 3, 12]: 43
        [2, 0, 4, 3, 12]: 43
        [2, 0, 1, 12]: 44
        [2, 0, 98, 11, 12]: 45
        [2, 0, 5, 96, 3, 12]: 46
        [2, 0, 5, 34, 21, 3, 12]: 47
        [2, 0, 19, 53, 3, 12]: 47
        [2, 0, 5, 11, 12]: 48
        [2, 0, 4, 1, 12]: 49
        [2, 0, 5, 13, 7, 1, 12]: 50
        [2, 0, 3, 12]: 51
        [2, 0, 7, 1, 12]: 53
        [2, 0, 5, 7, 1, 12]: 53
        [2, 0, 5, 4, 1, 12]: 54
        [2, 0, 5, 27, 13, 7, 1, 12]: 54
        [2, 0, 15, 1, 12]: 55
        [2, 0, 31, 3, 12]: 55
        [2, 0, 1, 26, 21, 3, 12]: 55
        [2, 0, 15, 26, 1, 12]: 55
        [2, 0, 84, 98, 11, 12]: 55
        [2, 0, 19, 4, 1, 12]: 56
        [2, 0, 95, 8, 3, 12]: 56
        [2, 0, 5, 40, 13, 7, 1, 12]: 56
        [2, 0, 58, 1, 12]: 57
        [2, 0, 5, 85, 4, 1, 12]: 57
        [2, 0, 1, 9, 47, 3, 12]: 57
        [2, 0, 5, 63, 57, 4, 1, 12]: 57
        [2, 0, 1, 9, 3, 12]: 57
        [2, 0, 95, 4, 1, 12]: 57
        [2, 0, 16, 68, 1, 12]: 57
        [2, 0, 10, 3, 12]: 58
        [2, 0, 1, 91, 11, 12]: 58
        [2, 0, 4, 64, 1, 12]: 58
        [2, 0, 5, 14, 9, 1, 12]: 58
        [2, 0, 58, 80, 11, 12]: 60
        [2, 0, 67, 9, 1, 12]: 60
        [2, 0, 1, 6, 8, 3, 12]: 60
        [2, 0, 4, 90, 26, 1, 12]: 60
        [2, 0, 16, 89, 3, 12]: 60
------ end cal_detour ------

------ cal_centrality ------
    [2, 61, 22, 5, 3, 17, 12]: (len: 31, RPscore: 0.15098328236036215)
    [2, 0, 5, 97, 3, 12]: (len: 42, RPscore: 0.17764585631430624)
    [2, 0, 5, 21, 3, 12]: (len: 42, RPscore: 0.1805155852906228)
    [2, 0, 4, 8, 3, 12]: (len: 43, RPscore: 0.18428755701945806)
    [2, 0, 4, 3, 12]: (len: 43, RPscore: 0.23338705377921617)
    [2, 0, 1, 12]: (len: 44, RPscore: 0.30760143983267535)
    [2, 0, 98, 11, 12]: (len: 45, RPscore: 0.2250767597550648)
    [2, 0, 5, 96, 3, 12]: (len: 46, RPscore: 0.18328759222025082)
    [2, 0, 5, 34, 21, 3, 12]: (len: 47, RPscore: 0.15138907859562867)
    [2, 0, 19, 53, 3, 12]: (len: 47, RPscore: 0.18177903973390197)
    [2, 0, 5, 11, 12]: (len: 48, RPscore: 0.21879080808843018)
    [2, 0, 4, 1, 12]: (len: 49, RPscore: 0.2293026408455384)
    [2, 0, 5, 13, 7, 1, 12]: (len: 50, RPscore: 0.14833410317002327)
    [2, 0, 3, 12]: (len: 51, RPscore: 0.30772658591863045)
    [2, 0, 7, 1, 12]: (len: 53, RPscore: 0.22723281614267524)
    [2, 0, 5, 7, 1, 12]: (len: 53, RPscore: 0.17988280719483576)
    [2, 0, 5, 4, 1, 12]: (len: 54, RPscore: 0.18086416951184803)
    [2, 0, 5, 27, 13, 7, 1, 12]: (len: 54, RPscore: 0.12635633702872293)
    [2, 0, 15, 1, 12]: (len: 55, RPscore: 0.24014125039927733)
    [2, 0, 31, 3, 12]: (len: 55, RPscore: 0.21855520076594895)
    [2, 0, 1, 26, 21, 3, 12]: (len: 55, RPscore: 0.14735380004534832)
    [2, 0, 15, 26, 1, 12]: (len: 55, RPscore: 0.18221780739849608)
    [2, 0, 84, 98, 11, 12]: (len: 55, RPscore: 0.17700738673603808)
    [2, 0, 19, 4, 1, 12]: (len: 56, RPscore: 0.18170443300785447)
    [2, 0, 95, 8, 3, 12]: (len: 56, RPscore: 0.18860712430232854)
    [2, 0, 5, 40, 13, 7, 1, 12]: (len: 56, RPscore: 0.1274717309253158)
    [2, 0, 58, 1, 12]: (len: 57, RPscore: 0.23315586974473437)
    [2, 0, 5, 85, 4, 1, 12]: (len: 57, RPscore: 0.15246009748140502)
    [2, 0, 1, 9, 47, 3, 12]: (len: 57, RPscore: 0.15367216438211642)
    [2, 0, 5, 63, 57, 4, 1, 12]: (len: 57, RPscore: 0.13003997247974844)
    [2, 0, 1, 9, 3, 12]: (len: 57, RPscore: 0.1797357916309268)
    [2, 0, 95, 4, 1, 12]: (len: 57, RPscore: 0.18962695388669668)
    [2, 0, 16, 68, 1, 12]: (len: 57, RPscore: 0.18281784086141115)
    [2, 0, 10, 3, 12]: (len: 58, RPscore: 0.23073348657017498)
    [2, 0, 1, 91, 11, 12]: (len: 58, RPscore: 0.17379720471718768)
    [2, 0, 4, 64, 1, 12]: (len: 58, RPscore: 0.1829921082998267)
    [2, 0, 5, 14, 9, 1, 12]: (len: 58, RPscore: 0.154032384111124)
    [2, 0, 58, 80, 11, 12]: (len: 60, RPscore: 0.17927903241571952)
    [2, 0, 67, 9, 1, 12]: (len: 60, RPscore: 0.1863344207461918)
    [2, 0, 1, 6, 8, 3, 12]: (len: 60, RPscore: 0.15323906344054852)
    [2, 0, 4, 90, 26, 1, 12]: (len: 60, RPscore: 0.14941131040620945)
    [2, 0, 16, 89, 3, 12]: (len: 60, RPscore: 0.17890294621052094)

    2 {'type': 'src'}
    61 {'type': 'between', 'Cbet': 0.023809523809523808, 'critical_node': False, 'C_without_normalize': 0.0035948400561990985, 'C': [0.0004772111662812688]}
    22 {'type': 'between', 'Cbet': 0.023809523809523808, 'critical_node': False, 'C_without_normalize': 0.0035948400561990985, 'C': [0.0004772111662812688]}
    5 {'type': 'between', 'Cbet': 0.3333333333333333, 'critical_node': False, 'C_without_normalize': 0.754017934924208, 'C': [0.10009507307610972]}
    3 {'type': 'between', 'Cbet': 0.40476190476190477, 'critical_node': False, 'C_without_normalize': 1.2959671558539274, 'C': [0.17203825156025773]}
    17 {'type': 'between', 'Cbet': 0.023809523809523808, 'critical_node': False, 'C_without_normalize': 0.0035948400561990985, 'C': [0.0004772111662812688]}
    12 {'type': 'dst'}
    0 {'type': 'between', 'Cbet': 0.9761904761904762, 'critical_node': False, 'C_without_normalize': 7.53301747780205, 'C': [1.0]}
    97 {'type': 'between', 'Cbet': 0.023809523809523808, 'critical_node': False, 'C_without_normalize': 0.0042296632455787195, 'C': [0.0005614832645805611]}
    21 {'type': 'between', 'Cbet': 0.07142857142857142, 'critical_node': False, 'C_without_normalize': 0.0342327474236857, 'C': [0.004544360546694759]}
    4 {'type': 'between', 'Cbet': 0.23809523809523808, 'critical_node': False, 'C_without_normalize': 0.43192292778995267, 'C': [0.05733730594183849]}
    8 {'type': 'between', 'Cbet': 0.07142857142857142, 'critical_node': False, 'C_without_normalize': 0.03758098176873822, 'C': [0.0049888350690118705]}
    1 {'type': 'between', 'Cbet': 0.5952380952380952, 'critical_node': False, 'C_without_normalize': 2.6784395938635353, 'C': [0.3555599866529233]}
    98 {'type': 'between', 'Cbet': 0.047619047619047616, 'critical_node': False, 'C_without_normalize': 0.019146864118623947, 'C': [0.0025417256995679417]}
    11 {'type': 'between', 'Cbet': 0.11904761904761904, 'critical_node': False, 'C_without_normalize': 0.11594657044195716, 'C': [0.015391783011737752]}
    96 {'type': 'between', 'Cbet': 0.023809523809523808, 'critical_node': False, 'C_without_normalize': 0.004363990290958353, 'C': [0.0005793150359491345]}
    34 {'type': 'between', 'Cbet': 0.023809523809523808, 'critical_node': False, 'C_without_normalize': 0.0036045018713244917, 'C': [0.00047849376188838965]}
    19 {'type': 'between', 'Cbet': 0.047619047619047616, 'critical_node': False, 'C_without_normalize': 0.017308736797226495, 'C': [0.0022977162668520396]}
    53 {'type': 'between', 'Cbet': 0.023809523809523808, 'critical_node': False, 'C_without_normalize': 0.004328072374616713, 'C': [0.0005745469710339154]}
    13 {'type': 'between', 'Cbet': 0.07142857142857142, 'critical_node': False, 'C_without_normalize': 0.02872586936600443, 'C': [0.0038133283840974088]}
    7 {'type': 'between', 'Cbet': 0.11904761904761904, 'critical_node': False, 'C_without_normalize': 0.09634259457875868, 'C': [0.012789376217784787]}
    27 {'type': 'between', 'Cbet': 0.023809523809523808, 'critical_node': False, 'C_without_normalize': 0.0030084842149695934, 'C': [0.00039937305652547024]}
    15 {'type': 'between', 'Cbet': 0.047619047619047616, 'critical_node': False, 'C_without_normalize': 0.020112336085608255, 'C': [0.0026698910688677364]}
    31 {'type': 'between', 'Cbet': 0.023809523809523808, 'critical_node': False, 'C_without_normalize': 0.005203695256332117, 'C': [0.0006907849705202633]}
    26 {'type': 'between', 'Cbet': 0.07142857142857142, 'critical_node': False, 'C_without_normalize': 0.03421306556071813, 'C': [0.004541747800471142]}
    84 {'type': 'between', 'Cbet': 0.023809523809523808, 'critical_node': False, 'C_without_normalize': 0.004214461588953287, 'C': [0.0005594652609491839]}
    95 {'type': 'between', 'Cbet': 0.047619047619047616, 'critical_node': False, 'C_without_normalize': 0.018011146580429772, 'C': [0.0023909604130753965]}
    40 {'type': 'between', 'Cbet': 0.023809523809523808, 'critical_node': False, 'C_without_normalize': 0.003035041212507519, 'C': [0.00040289846949791885]}
    58 {'type': 'between', 'Cbet': 0.047619047619047616, 'critical_node': False, 'C_without_normalize': 0.019639757245735898, 'C': [0.0026071567341519426]}
    85 {'type': 'between', 'Cbet': 0.023809523809523808, 'critical_node': False, 'C_without_normalize': 0.0036300023209858336, 'C': [0.00048187891926210945]}
    9 {'type': 'between', 'Cbet': 0.09523809523809523, 'critical_node': False, 'C_without_normalize': 0.06416902484479609, 'C': [0.00851836930338824]}
    47 {'type': 'between', 'Cbet': 0.023809523809523808, 'critical_node': False, 'C_without_normalize': 0.0036588610567170575, 'C': [0.000485709885513849]}
    63 {'type': 'between', 'Cbet': 0.023809523809523808, 'critical_node': False, 'C_without_normalize': 0.0030961898209463912, 'C': [0.0004110158817592155]}
    57 {'type': 'between', 'Cbet': 0.023809523809523808, 'critical_node': False, 'C_without_normalize': 0.0030961898209463912, 'C': [0.0004110158817592155]}
    16 {'type': 'between', 'Cbet': 0.047619047619047616, 'critical_node': False, 'C_without_normalize': 0.01722479938437772, 'C': [0.002286573665219146]}
    68 {'type': 'between', 'Cbet': 0.023809523809523808, 'critical_node': False, 'C_without_normalize': 0.0043528057347955035, 'C': [0.0005778302981006153]}
    10 {'type': 'between', 'Cbet': 0.023809523809523808, 'critical_node': False, 'C_without_normalize': 0.005493654442147023, 'C': [0.0007292767418017376]}
    91 {'type': 'between', 'Cbet': 0.023809523809523808, 'critical_node': False, 'C_without_normalize': 0.004138028683742564, 'C': [0.0005493188746656059]}
    64 {'type': 'between', 'Cbet': 0.023809523809523808, 'critical_node': False, 'C_without_normalize': 0.004356954959519683, 'C': [0.0005783811032376544]}
    14 {'type': 'between', 'Cbet': 0.023809523809523808, 'critical_node': False, 'C_without_normalize': 0.0036674377169315237, 'C': [0.00048684842796907886]}
    80 {'type': 'between', 'Cbet': 0.023809523809523808, 'critical_node': False, 'C_without_normalize': 0.0042685483908504645, 'C': [0.000566645225957437]}
    67 {'type': 'between', 'Cbet': 0.023809523809523808, 'critical_node': False, 'C_without_normalize': 0.004436533827290281, 'C': [0.0005889451126807624]}
    6 {'type': 'between', 'Cbet': 0.023809523809523808, 'critical_node': False, 'C_without_normalize': 0.0036485491295368696, 'C': [0.0004843409882279241]}
    90 {'type': 'between', 'Cbet': 0.023809523809523808, 'critical_node': False, 'C_without_normalize': 0.0035574121525287963, 'C': [0.0004722426521658306]}
    89 {'type': 'between', 'Cbet': 0.023809523809523808, 'critical_node': False, 'C_without_normalize': 0.0042595939573933555, 'C': [0.0005654565345089576]}
------ end cal_centrality ------

