------ cal_detour ------
    --- (1) bib dijkstra method ---
        length: 16
        path: [40, 5, 0, 58, 80]
        S: [0, 1, 3, 4, 5, 6, 7, 8, 9, 10, 11, 12, 13, 14, 15, 16, 17, 18, 19, 20, 21, 22, 23, 24, 25, 26, 27, 28, 29, 30, 31, 32, 33, 34, 35, 36, 37, 38, 39, 40, 41, 42, 43, 44, 45, 46, 47, 48, 49, 51, 52, 53, 54, 55, 56, 57, 58, 60, 61, 62, 63, 64, 65, 66, 67, 68, 69, 70, 71, 72, 73, 74, 75, 76, 77, 78, 79, 80, 81, 82, 83, 84, 85, 86, 87, 88, 89, 90, 91, 92, 93, 94, 95, 96, 97, 98, 99]
        T: [0, 1, 2, 3, 4, 5, 6, 7, 8, 9, 10, 11, 12, 13, 14, 15, 16, 17, 18, 19, 20, 21, 22, 23, 24, 25, 26, 27, 28, 29, 30, 31, 32, 33, 34, 35, 36, 37, 38, 39, 40, 41, 42, 43, 44, 45, 46, 47, 48, 49, 50, 51, 52, 53, 54, 55, 57, 58, 59, 60, 61, 62, 63, 64, 65, 66, 67, 68, 69, 70, 71, 72, 73, 74, 75, 77, 78, 79, 80, 82, 83, 84, 85, 86, 87, 88, 89, 90, 91, 92, 93, 94, 95, 96, 97, 98, 99]
        F: [(0, 2), (0, 59), (1, 50), (1, 59), (5, 50), (8, 50), (28, 59), (60, 50), (61, 2)]
        U: [2, 50, 59]
    --- (2) make Hmid ---
    --- (3) process about Gs ---
    --- (4) process about Gt---
    --- (5) make Hs & Ht ---
    --- (6) make PathGraph ---
    --- (7) find k-path ---
        4053455880: 25
        4052728272880: 24
        40501705880: 43
        4050405880: 22
        4059755880: 25
        4052728242880: 30
        405305880: 33
        405405880: 21
        40501605880: 22
        40508405880: 24
        4050981180: 39
        4052728172880: 38
        4051855880: 35
        4052155880: 31
        4052255880: 35
        4058555880: 35
        40532155880: 31
        405011505880: 45
        40558625880: 39
        40504505880: 32
        40509505880: 28
        40548555880: 36
        40501005880: 26
        40503005880: 26
        40501905880: 26
        4051355880: 41
        40509805880: 22
        405979655880: 31
        4056355880: 35
        406655880: 34
        405272880: 20
        4051180: 36
        401355880: 35
        4053861180: 39
        4050105880: 34
        40501405880: 39
        40506705880: 32
        40507105880: 26
        405015880: 41
        40507905880: 42
        403105880: 40
        40501505880: 36
        4054861180: 43
        4054505880: 29
        40509305880: 26
        405705880: 42
        4050988405880: 32
        40597305880: 35
        4059655880: 35
        405342155880: 36
        4056655880: 43
        4052775272880: 22
        405181455880: 45
        40731905880: 32
        4051605880: 33
        40585405880: 24
        405355880: 29
        405323172880: 45
        40507705880: 44
        40506905880: 44
        40541905880: 28
        405455880: 33
        405439405880: 31
        4058405880: 33
        4013705880: 33
        4051155880: 45
        405343005880: 33
        405274205880: 40
        40521305880: 35
        4052143405880: 39
        40539655880: 35
        4053172880: 26
        40533105880: 37
        405141855880: 45
        4031305880: 42
        405095405880: 30
        4054305880: 41
        405415880: 45
        405494405880: 37
        40549505880: 29
        40541005880: 33
        40546705880: 40
        40522612255880: 41
        4051689172880: 44
        408738272880: 42
        405715880: 44
        40134161180: 45
        405271355880: 45
        4052752272880: 42
        405969755880: 31
        405212615880: 44
        405213455880: 36
        4052194405880: 35
        4053405880: 25
        405360242880: 35
        40531005880: 40
        405389172880: 41
        405353305880: 43
        40539755880: 31
        405201905880: 40
        4054555880: 39
        405042272880: 36
        40532272880: 34
        405490242880: 41
        4087405880: 38
        407319405880: 35
        4013272880: 22
        40667705880: 38
        405273005880: 38
        4052755880: 37
        405181605880: 29
        40596305880: 39
        4052151405880: 39
        40521625880: 41
        40521172880: 39
        405216905880: 43
        405221505880: 41
        405229305880: 36
        40534505880: 43
        40532255880: 43
        4053242880: 38
        40138405880: 42
        4050718305880: 44
        4050711005880: 34
        4050837105880: 44
        4053255880: 41
        4050107105880: 34
        405010405880: 34
        406530272880: 38
        4065301605880: 45
        40134055880: 41
        4013731905880: 42
        40664055880: 37
        40561605880: 42
        40563272880: 34
        40521272880: 33
        405067405880: 41
        4050151905880: 44
        40654055880: 39
        40653005880: 30
        405010242880: 38
    --- (8) make Gd ---
    --- (9) calculate overlap ---
        [40, 5, 34, 5, 58, 80]: 10.0
        [40, 5, 27, 28, 27, 28, 80]: 6.0
        [40, 5, 0, 1, 7, 0, 58, 80]: 16.0
        [40, 5, 0, 4, 0, 58, 80]: 16.0
        [40, 5, 97, 5, 58, 80]: 10.0
        [40, 5, 27, 28, 24, 28, 80]: 6.0
        [40, 5, 3, 0, 58, 80]: 13.0
        [40, 5, 4, 0, 58, 80]: 13.0
        [40, 5, 0, 16, 0, 58, 80]: 16.0
        [40, 5, 0, 84, 0, 58, 80]: 16.0
        [40, 5, 0, 98, 11, 80]: 9.0
        [40, 5, 27, 28, 17, 28, 80]: 6.0
        [40, 5, 18, 5, 58, 80]: 10.0
        [40, 5, 21, 5, 58, 80]: 10.0
        [40, 5, 22, 5, 58, 80]: 10.0
        [40, 5, 85, 5, 58, 80]: 10.0
        [40, 5, 3, 21, 5, 58, 80]: 10.0
        [40, 5, 0, 1, 15, 0, 58, 80]: 16.0
        [40, 5, 58, 62, 58, 80]: 10.0
        [40, 5, 0, 45, 0, 58, 80]: 16.0
        [40, 5, 0, 95, 0, 58, 80]: 16.0
        [40, 5, 4, 85, 5, 58, 80]: 10.0
        [40, 5, 0, 10, 0, 58, 80]: 16.0
        [40, 5, 0, 30, 0, 58, 80]: 16.0
        [40, 5, 0, 19, 0, 58, 80]: 16.0
        [40, 5, 13, 5, 58, 80]: 10.0
        [40, 5, 0, 98, 0, 58, 80]: 16.0
        [40, 5, 97, 96, 5, 58, 80]: 10.0
        [40, 5, 63, 5, 58, 80]: 10.0
        [40, 66, 5, 58, 80]: 4.0
        [40, 5, 27, 28, 80]: 6.0
        [40, 5, 11, 80]: 6.0
        [40, 13, 5, 58, 80]: 4.0
        [40, 5, 3, 8, 6, 11, 80]: 6.0
        [40, 5, 0, 1, 0, 58, 80]: 16.0
        [40, 5, 0, 1, 4, 0, 58, 80]: 16.0
        [40, 5, 0, 67, 0, 58, 80]: 16.0
        [40, 5, 0, 71, 0, 58, 80]: 16.0
        [40, 5, 0, 1, 58, 80]: 13.0
        [40, 5, 0, 79, 0, 58, 80]: 16.0
        [40, 31, 0, 58, 80]: 7.0
        [40, 5, 0, 15, 0, 58, 80]: 16.0
        [40, 5, 4, 8, 6, 11, 80]: 6.0
        [40, 5, 45, 0, 58, 80]: 13.0
        [40, 5, 0, 93, 0, 58, 80]: 16.0
        [40, 5, 7, 0, 58, 80]: 13.0
        [40, 5, 0, 98, 84, 0, 58, 80]: 16.0
        [40, 5, 97, 3, 0, 58, 80]: 13.0
        [40, 5, 96, 5, 58, 80]: 10.0
        [40, 5, 34, 21, 5, 58, 80]: 10.0
        [40, 5, 66, 5, 58, 80]: 10.0
        [40, 5, 27, 75, 27, 28, 80]: 6.0
        [40, 5, 18, 14, 5, 58, 80]: 10.0
        [40, 73, 19, 0, 58, 80]: 7.0
        [40, 5, 16, 0, 58, 80]: 13.0
        [40, 5, 85, 4, 0, 58, 80]: 13.0
        [40, 5, 3, 5, 58, 80]: 10.0
        [40, 5, 3, 23, 17, 28, 80]: 6.0
        [40, 5, 0, 77, 0, 58, 80]: 16.0
        [40, 5, 0, 69, 0, 58, 80]: 16.0
        [40, 5, 4, 19, 0, 58, 80]: 13.0
        [40, 5, 4, 5, 58, 80]: 10.0
        [40, 5, 4, 39, 4, 0, 58, 80]: 13.0
        [40, 5, 84, 0, 58, 80]: 13.0
        [40, 13, 7, 0, 58, 80]: 7.0
        [40, 5, 11, 5, 58, 80]: 10.0
        [40, 5, 34, 30, 0, 58, 80]: 13.0
        [40, 5, 27, 42, 0, 58, 80]: 13.0
        [40, 5, 21, 3, 0, 58, 80]: 13.0
        [40, 5, 21, 43, 4, 0, 58, 80]: 13.0
        [40, 5, 3, 96, 5, 58, 80]: 10.0
        [40, 5, 3, 17, 28, 80]: 6.0
        [40, 5, 3, 31, 0, 58, 80]: 13.0
        [40, 5, 14, 18, 5, 58, 80]: 10.0
        [40, 31, 3, 0, 58, 80]: 7.0
        [40, 5, 0, 95, 4, 0, 58, 80]: 16.0
        [40, 5, 4, 3, 0, 58, 80]: 13.0
        [40, 5, 4, 1, 58, 80]: 10.0
        [40, 5, 4, 94, 4, 0, 58, 80]: 13.0
        [40, 5, 4, 95, 0, 58, 80]: 13.0
        [40, 5, 4, 10, 0, 58, 80]: 13.0
        [40, 5, 4, 67, 0, 58, 80]: 13.0
        [40, 5, 22, 61, 22, 5, 58, 80]: 10.0
        [40, 5, 16, 89, 17, 28, 80]: 6.0
        [40, 87, 38, 27, 28, 80]: 0.0
        [40, 5, 7, 1, 58, 80]: 10.0
        [40, 13, 41, 6, 11, 80]: 0.0
        [40, 5, 27, 13, 5, 58, 80]: 10.0
        [40, 5, 27, 52, 27, 28, 80]: 6.0
        [40, 5, 96, 97, 5, 58, 80]: 10.0
        [40, 5, 21, 26, 1, 58, 80]: 10.0
        [40, 5, 21, 34, 5, 58, 80]: 10.0
        [40, 5, 21, 94, 4, 0, 58, 80]: 13.0
        [40, 5, 3, 4, 0, 58, 80]: 13.0
        [40, 5, 3, 60, 24, 28, 80]: 6.0
        [40, 5, 3, 10, 0, 58, 80]: 13.0
        [40, 5, 3, 89, 17, 28, 80]: 6.0
        [40, 5, 3, 53, 3, 0, 58, 80]: 13.0
        [40, 5, 3, 97, 5, 58, 80]: 10.0
        [40, 5, 20, 19, 0, 58, 80]: 13.0
        [40, 5, 45, 5, 58, 80]: 10.0
        [40, 5, 0, 42, 27, 28, 80]: 9.0
        [40, 5, 32, 27, 28, 80]: 6.0
        [40, 5, 4, 90, 24, 28, 80]: 6.0
        [40, 87, 4, 0, 58, 80]: 7.0
        [40, 73, 19, 4, 0, 58, 80]: 7.0
        [40, 13, 27, 28, 80]: 0.0
        [40, 66, 77, 0, 58, 80]: 7.0
        [40, 5, 27, 30, 0, 58, 80]: 13.0
        [40, 5, 27, 5, 58, 80]: 10.0
        [40, 5, 18, 16, 0, 58, 80]: 13.0
        [40, 5, 96, 3, 0, 58, 80]: 13.0
        [40, 5, 21, 51, 4, 0, 58, 80]: 13.0
        [40, 5, 21, 62, 58, 80]: 10.0
        [40, 5, 21, 17, 28, 80]: 6.0
        [40, 5, 21, 69, 0, 58, 80]: 13.0
        [40, 5, 22, 15, 0, 58, 80]: 13.0
        [40, 5, 22, 93, 0, 58, 80]: 13.0
        [40, 5, 3, 45, 0, 58, 80]: 13.0
        [40, 5, 3, 22, 5, 58, 80]: 10.0
        [40, 5, 3, 24, 28, 80]: 6.0
        [40, 13, 8, 4, 0, 58, 80]: 7.0
        [40, 5, 0, 71, 83, 0, 58, 80]: 16.0
        [40, 5, 0, 71, 10, 0, 58, 80]: 16.0
        [40, 5, 0, 83, 71, 0, 58, 80]: 16.0
        [40, 5, 32, 5, 58, 80]: 10.0
        [40, 5, 0, 10, 71, 0, 58, 80]: 16.0
        [40, 5, 0, 10, 4, 0, 58, 80]: 16.0
        [40, 65, 30, 27, 28, 80]: 0.0
        [40, 65, 30, 16, 0, 58, 80]: 7.0
        [40, 13, 40, 5, 58, 80]: 10.0
        [40, 13, 73, 19, 0, 58, 80]: 7.0
        [40, 66, 40, 5, 58, 80]: 10.0
        [40, 5, 6, 16, 0, 58, 80]: 13.0
        [40, 5, 63, 27, 28, 80]: 6.0
        [40, 5, 21, 27, 28, 80]: 6.0
        [40, 5, 0, 67, 4, 0, 58, 80]: 16.0
        [40, 5, 0, 15, 19, 0, 58, 80]: 16.0
        [40, 65, 40, 5, 58, 80]: 10.0
        [40, 65, 30, 0, 58, 80]: 7.0
        [40, 5, 0, 10, 24, 28, 80]: 9.0
    --- (10) check cycle ---
    --- (11) check detour ---
        [40, 5, 34, 5, 58, 80]: 10.0
        [40, 5, 27, 28, 27, 28, 80]: 6.0
        [40, 5, 0, 1, 7, 0, 58, 80]: 16.0
        [40, 5, 0, 4, 0, 58, 80]: 16.0
        [40, 5, 97, 5, 58, 80]: 10.0
        [40, 5, 27, 28, 24, 28, 80]: 6.0
        [40, 5, 3, 0, 58, 80]: 13.0
        [40, 5, 4, 0, 58, 80]: 13.0
        [40, 5, 0, 16, 0, 58, 80]: 16.0
        [40, 5, 0, 84, 0, 58, 80]: 16.0
        [40, 5, 0, 98, 11, 80]: 9.0
        [40, 5, 27, 28, 17, 28, 80]: 6.0
        [40, 5, 18, 5, 58, 80]: 10.0
        [40, 5, 21, 5, 58, 80]: 10.0
        [40, 5, 22, 5, 58, 80]: 10.0
        [40, 5, 85, 5, 58, 80]: 10.0
        [40, 5, 3, 21, 5, 58, 80]: 10.0
        [40, 5, 0, 1, 15, 0, 58, 80]: 16.0
        [40, 5, 58, 62, 58, 80]: 10.0
        [40, 5, 0, 45, 0, 58, 80]: 16.0
        [40, 5, 0, 95, 0, 58, 80]: 16.0
        [40, 5, 4, 85, 5, 58, 80]: 10.0
        [40, 5, 0, 10, 0, 58, 80]: 16.0
        [40, 5, 0, 30, 0, 58, 80]: 16.0
        [40, 5, 0, 19, 0, 58, 80]: 16.0
        [40, 5, 13, 5, 58, 80]: 10.0
        [40, 5, 0, 98, 0, 58, 80]: 16.0
        [40, 5, 97, 96, 5, 58, 80]: 10.0
        [40, 5, 63, 5, 58, 80]: 10.0
        [40, 66, 5, 58, 80]: 4.0
        [40, 5, 27, 28, 80]: 6.0
        [40, 5, 11, 80]: 6.0
        [40, 13, 5, 58, 80]: 4.0
        [40, 5, 3, 8, 6, 11, 80]: 6.0
        [40, 5, 0, 1, 0, 58, 80]: 16.0
        [40, 5, 0, 1, 4, 0, 58, 80]: 16.0
        [40, 5, 0, 67, 0, 58, 80]: 16.0
        [40, 5, 0, 71, 0, 58, 80]: 16.0
        [40, 5, 0, 1, 58, 80]: 13.0
        [40, 5, 0, 79, 0, 58, 80]: 16.0
        [40, 31, 0, 58, 80]: 7.0
        [40, 5, 0, 15, 0, 58, 80]: 16.0
        [40, 5, 4, 8, 6, 11, 80]: 6.0
        [40, 5, 45, 0, 58, 80]: 13.0
        [40, 5, 0, 93, 0, 58, 80]: 16.0
        [40, 5, 7, 0, 58, 80]: 13.0
        [40, 5, 0, 98, 84, 0, 58, 80]: 16.0
        [40, 5, 97, 3, 0, 58, 80]: 13.0
        [40, 5, 96, 5, 58, 80]: 10.0
        [40, 5, 34, 21, 5, 58, 80]: 10.0
        [40, 5, 66, 5, 58, 80]: 10.0
        [40, 5, 27, 75, 27, 28, 80]: 6.0
        [40, 5, 18, 14, 5, 58, 80]: 10.0
        [40, 73, 19, 0, 58, 80]: 7.0
        [40, 5, 16, 0, 58, 80]: 13.0
        [40, 5, 85, 4, 0, 58, 80]: 13.0
        [40, 5, 3, 5, 58, 80]: 10.0
        [40, 5, 3, 23, 17, 28, 80]: 6.0
        [40, 5, 0, 77, 0, 58, 80]: 16.0
        [40, 5, 0, 69, 0, 58, 80]: 16.0
        [40, 5, 4, 19, 0, 58, 80]: 13.0
        [40, 5, 4, 5, 58, 80]: 10.0
        [40, 5, 4, 39, 4, 0, 58, 80]: 13.0
        [40, 5, 84, 0, 58, 80]: 13.0
        [40, 13, 7, 0, 58, 80]: 7.0
        [40, 5, 11, 5, 58, 80]: 10.0
        [40, 5, 34, 30, 0, 58, 80]: 13.0
        [40, 5, 27, 42, 0, 58, 80]: 13.0
        [40, 5, 21, 3, 0, 58, 80]: 13.0
        [40, 5, 21, 43, 4, 0, 58, 80]: 13.0
        [40, 5, 3, 96, 5, 58, 80]: 10.0
        [40, 5, 3, 17, 28, 80]: 6.0
        [40, 5, 3, 31, 0, 58, 80]: 13.0
        [40, 5, 14, 18, 5, 58, 80]: 10.0
        [40, 31, 3, 0, 58, 80]: 7.0
        [40, 5, 0, 95, 4, 0, 58, 80]: 16.0
        [40, 5, 4, 3, 0, 58, 80]: 13.0
        [40, 5, 4, 1, 58, 80]: 10.0
        [40, 5, 4, 94, 4, 0, 58, 80]: 13.0
        [40, 5, 4, 95, 0, 58, 80]: 13.0
        [40, 5, 4, 10, 0, 58, 80]: 13.0
        [40, 5, 4, 67, 0, 58, 80]: 13.0
        [40, 5, 22, 61, 22, 5, 58, 80]: 10.0
        [40, 5, 16, 89, 17, 28, 80]: 6.0
        [40, 87, 38, 27, 28, 80]: 0.0 (detour)
        [40, 5, 7, 1, 58, 80]: 10.0
        [40, 13, 41, 6, 11, 80]: 0.0 (detour)
        [40, 5, 27, 13, 5, 58, 80]: 10.0
        [40, 5, 27, 52, 27, 28, 80]: 6.0
        [40, 5, 96, 97, 5, 58, 80]: 10.0
        [40, 5, 21, 26, 1, 58, 80]: 10.0
        [40, 5, 21, 34, 5, 58, 80]: 10.0
        [40, 5, 21, 94, 4, 0, 58, 80]: 13.0
        [40, 5, 3, 4, 0, 58, 80]: 13.0
        [40, 5, 3, 60, 24, 28, 80]: 6.0
        [40, 5, 3, 10, 0, 58, 80]: 13.0
        [40, 5, 3, 89, 17, 28, 80]: 6.0
        [40, 5, 3, 53, 3, 0, 58, 80]: 13.0
        [40, 5, 3, 97, 5, 58, 80]: 10.0
        [40, 5, 20, 19, 0, 58, 80]: 13.0
        [40, 5, 45, 5, 58, 80]: 10.0
        [40, 5, 0, 42, 27, 28, 80]: 9.0
        [40, 5, 32, 27, 28, 80]: 6.0
        [40, 5, 4, 90, 24, 28, 80]: 6.0
        [40, 87, 4, 0, 58, 80]: 7.0
        [40, 73, 19, 4, 0, 58, 80]: 7.0
        [40, 13, 27, 28, 80]: 0.0 (detour)
        [40, 66, 77, 0, 58, 80]: 7.0
        [40, 5, 27, 30, 0, 58, 80]: 13.0
        [40, 5, 27, 5, 58, 80]: 10.0
        [40, 5, 18, 16, 0, 58, 80]: 13.0
        [40, 5, 96, 3, 0, 58, 80]: 13.0
        [40, 5, 21, 51, 4, 0, 58, 80]: 13.0
        [40, 5, 21, 62, 58, 80]: 10.0
        [40, 5, 21, 17, 28, 80]: 6.0
        [40, 5, 21, 69, 0, 58, 80]: 13.0
        [40, 5, 22, 15, 0, 58, 80]: 13.0
        [40, 5, 22, 93, 0, 58, 80]: 13.0
        [40, 5, 3, 45, 0, 58, 80]: 13.0
        [40, 5, 3, 22, 5, 58, 80]: 10.0
        [40, 5, 3, 24, 28, 80]: 6.0
        [40, 13, 8, 4, 0, 58, 80]: 7.0
        [40, 5, 0, 71, 83, 0, 58, 80]: 16.0
        [40, 5, 0, 71, 10, 0, 58, 80]: 16.0
        [40, 5, 0, 83, 71, 0, 58, 80]: 16.0
        [40, 5, 32, 5, 58, 80]: 10.0
        [40, 5, 0, 10, 71, 0, 58, 80]: 16.0
        [40, 5, 0, 10, 4, 0, 58, 80]: 16.0
        [40, 65, 30, 27, 28, 80]: 0.0 (detour)
        [40, 65, 30, 16, 0, 58, 80]: 7.0
        [40, 13, 40, 5, 58, 80]: 10.0
        [40, 13, 73, 19, 0, 58, 80]: 7.0
        [40, 66, 40, 5, 58, 80]: 10.0
        [40, 5, 6, 16, 0, 58, 80]: 13.0
        [40, 5, 63, 27, 28, 80]: 6.0
        [40, 5, 21, 27, 28, 80]: 6.0
        [40, 5, 0, 67, 4, 0, 58, 80]: 16.0
        [40, 5, 0, 15, 19, 0, 58, 80]: 16.0
        [40, 65, 40, 5, 58, 80]: 10.0
        [40, 65, 30, 0, 58, 80]: 7.0
        [40, 5, 0, 10, 24, 28, 80]: 9.0
    --- (12) output ---
        [40, 5, 0, 58, 80]: 16
        [40, 13, 27, 28, 80]: 22
        [40, 65, 30, 27, 28, 80]: 38
        [40, 87, 38, 27, 28, 80]: 42
        [40, 13, 41, 6, 11, 80]: 45
------ end cal_detour ------

------ cal_centrality ------
    [40, 5, 0, 58, 80]: (len: 16, RPscore: 0.22772313397264074)
    [40, 13, 27, 28, 80]: (len: 22, RPscore: 0.22322508392742582)
    [40, 65, 30, 27, 28, 80]: (len: 38, RPscore: 0.17278813087361278)
    [40, 87, 38, 27, 28, 80]: (len: 42, RPscore: 0.1804881310876986)
    [40, 13, 41, 6, 11, 80]: (len: 45, RPscore: 0.17926076289356496)

    40 {'type': 'src'}
    5 {'type': 'between', 'Cbet': 0.2, 'critical_node': False, 'C_without_normalize': 0.04554462679452815, 'C': [0.1316696168457229]}
    0 {'type': 'between', 'Cbet': 0.2, 'critical_node': False, 'C_without_normalize': 0.04554462679452815, 'C': [0.1316696168457229]}
    58 {'type': 'between', 'Cbet': 0.2, 'critical_node': False, 'C_without_normalize': 0.04554462679452815, 'C': [0.1316696168457229]}
    80 {'type': 'dst'}
    13 {'type': 'between', 'Cbet': 0.4, 'critical_node': False, 'C_without_normalize': 0.1609943387283963, 'C': [0.4654349895176934]}
    27 {'type': 'between', 'Cbet': 0.6, 'critical_node': False, 'C_without_normalize': 0.34590080753324226, 'C': [1.0]}
    28 {'type': 'between', 'Cbet': 0.6, 'critical_node': False, 'C_without_normalize': 0.34590080753324226, 'C': [1.0]}
    65 {'type': 'between', 'Cbet': 0.2, 'critical_node': False, 'C_without_normalize': 0.03455762617472256, 'C': [0.09990617374144595]}
    30 {'type': 'between', 'Cbet': 0.2, 'critical_node': False, 'C_without_normalize': 0.03455762617472256, 'C': [0.09990617374144595]}
    87 {'type': 'between', 'Cbet': 0.2, 'critical_node': False, 'C_without_normalize': 0.03609762621753972, 'C': [0.1043583172729963]}
    38 {'type': 'between', 'Cbet': 0.2, 'critical_node': False, 'C_without_normalize': 0.03609762621753972, 'C': [0.1043583172729963]}
    41 {'type': 'between', 'Cbet': 0.2, 'critical_node': False, 'C_without_normalize': 0.03585215257871299, 'C': [0.10364865243995557]}
    6 {'type': 'between', 'Cbet': 0.2, 'critical_node': False, 'C_without_normalize': 0.03585215257871299, 'C': [0.10364865243995557]}
    11 {'type': 'between', 'Cbet': 0.2, 'critical_node': False, 'C_without_normalize': 0.03585215257871299, 'C': [0.10364865243995557]}
------ end cal_centrality ------

