------ cal_detour ------
    --- (1) bib dijkstra method ---
        length: 10
        path: [55, 71, 79, 83, 88]
        S: [0, 1, 3, 4, 5, 6, 7, 8, 9, 10, 11, 12, 13, 14, 15, 16, 17, 18, 19, 20, 21, 22, 23, 24, 25, 26, 27, 28, 29, 30, 34, 35, 36, 37, 38, 41, 44, 46, 47, 48, 49, 50, 51, 52, 53, 54, 55, 56, 57, 58, 59, 60, 61, 62, 63, 64, 65, 66, 67, 68, 69, 71, 72, 73, 74, 75, 76, 79, 80, 82, 83, 85, 86, 87, 88, 91, 93, 94, 96, 97, 98, 99]
        T: [1, 3, 4, 5, 6, 8, 9, 14, 15, 17, 19, 21, 22, 23, 24, 27, 28, 31, 32, 33, 34, 36, 38, 40, 41, 44, 45, 47, 49, 50, 52, 53, 54, 55, 58, 60, 61, 63, 64, 65, 66, 68, 69, 71, 73, 74, 75, 76, 77, 78, 79, 80, 81, 82, 83, 84, 85, 86, 88, 89, 90, 91, 92, 93, 94, 95, 96, 97, 98, 99]
        F: [(1, 45), (6, 78), (6, 95), (7, 90), (11, 33), (11, 95), (13, 45), (15, 81), (22, 89), (23, 78), (23, 95), (24, 40), (25, 45), (26, 32), (26, 33), (26, 40), (27, 31), (27, 33), (27, 40), (28, 31), (28, 33), (28, 40), (28, 90), (29, 31), (29, 32), (29, 33), (29, 40), (29, 45), (29, 84), (30, 40), (34, 33), (35, 31), (35, 40), (35, 45), (35, 89), (36, 31), (36, 32), (36, 33), (36, 45), (36, 95), (37, 32), (37, 33), (37, 92), (38, 31), (38, 32), (38, 45), (41, 33), (41, 40), (41, 45), (44, 40), (47, 32), (47, 40), (48, 32), (49, 32), (49, 33), (49, 40), (50, 92), (52, 45), (54, 45), (55, 45), (56, 92), (60, 40), (63, 33), (63, 77), (63, 89), (64, 31), (67, 90), (69, 31), (69, 77), (72, 45), (73, 45), (74, 89), (75, 78), (75, 81), (75, 84), (75, 90), (75, 92), (75, 95), (76, 45), (76, 81), (76, 89), (76, 92), (79, 81), (79, 89), (80, 81), (80, 84), (80, 89), (80, 92), (82, 77), (82, 84), (83, 77), (83, 78), (83, 81), (83, 84), (83, 90), (83, 92), (85, 78), (85, 81), (85, 89), (85, 90), (85, 92), (85, 95), (86, 81), (86, 84), (86, 90), (87, 31), (87, 77), (87, 81), (87, 84), (87, 89), (87, 90), (87, 92), (88, 92), (88, 95), (91, 77), (91, 78), (91, 81), (91, 90), (91, 92), (93, 78), (93, 89), (93, 90), (93, 92), (94, 33), (94, 77), (94, 89), (94, 92), (96, 78), (96, 89), (97, 78), (97, 84), (97, 89), (97, 92), (98, 77), (98, 81), (98, 84), (98, 89), (99, 78), (99, 89), (99, 95)]
        U: [31, 32, 33, 40, 45, 77, 78, 81, 84, 89, 90, 92, 95]
    --- (2) make Hmid ---
    --- (3) process about Gs ---
    --- (4) process about Gt---
    --- (5) make Hs & Ht ---
    --- (6) make PathGraph ---
    --- (7) find k-path ---
        5571829788: 15
        5567747688: 17
        5564634488: 14
        5571797688: 19
        5564584488: 15
        5553634488: 18
        5571584488: 13
    --- (8) make Gd ---
    --- (9) calculate overlap ---
        [55, 71, 82, 97, 88]: 2.0
        [55, 67, 74, 76, 88]: 0.0
        [55, 64, 63, 44, 88]: 0.0
        [55, 71, 79, 76, 88]: 7.0
        [55, 64, 58, 44, 88]: 0.0
        [55, 53, 63, 44, 88]: 0.0
        [55, 71, 58, 44, 88]: 2.0
    --- (10) check cycle ---
    --- (11) check detour ---
        [55, 71, 82, 97, 88]: 2.0
        [55, 67, 74, 76, 88]: 0.0 (detour)
        [55, 64, 63, 44, 88]: 0.0 (detour)
        [55, 71, 79, 76, 88]: 7.0
        [55, 64, 58, 44, 88]: 0.0 (detour)
        [55, 53, 63, 44, 88]: 0.0 (detour)
        [55, 71, 58, 44, 88]: 2.0
    --- (12) output ---
        [55, 71, 79, 83, 88]: 10
        [55, 64, 63, 44, 88]: 14
        [55, 64, 58, 44, 88]: 15
        [55, 67, 74, 76, 88]: 17
        [55, 53, 63, 44, 88]: 18
------ end cal_detour ------

------ cal_centrality ------
    [55, 71, 79, 83, 88]: (len: 10, RPscore: 0.22053584128976206)
    [55, 64, 63, 44, 88]: (len: 14, RPscore: 0.23227378412161848)
    [55, 64, 58, 44, 88]: (len: 15, RPscore: 0.23720110762634103)
    [55, 67, 74, 76, 88]: (len: 17, RPscore: 0.2262547843554424)
    [55, 53, 63, 44, 88]: (len: 18, RPscore: 0.23017540739153308)

    55 {'type': 'src'}
    71 {'type': 'between', 'Cbet': 0.2, 'critical_node': False, 'C_without_normalize': 0.04410716825795241, 'C': [0.10506955715876987]}
    79 {'type': 'between', 'Cbet': 0.2, 'critical_node': False, 'C_without_normalize': 0.04410716825795241, 'C': [0.10506955715876987]}
    83 {'type': 'between', 'Cbet': 0.2, 'critical_node': False, 'C_without_normalize': 0.04410716825795241, 'C': [0.10506955715876987]}
    88 {'type': 'dst'}
    64 {'type': 'between', 'Cbet': 0.4, 'critical_node': False, 'C_without_normalize': 0.18778995669918383, 'C': [0.44734242456588363]}
    63 {'type': 'between', 'Cbet': 0.4, 'critical_node': False, 'C_without_normalize': 0.18497967660526063, 'C': [0.44064793710221883]}
    44 {'type': 'between', 'Cbet': 0.6, 'critical_node': False, 'C_without_normalize': 0.41979017948369557, 'C': [1.0]}
    58 {'type': 'between', 'Cbet': 0.2, 'critical_node': False, 'C_without_normalize': 0.04744022152526821, 'C': [0.11300936478222393]}
    67 {'type': 'between', 'Cbet': 0.2, 'critical_node': False, 'C_without_normalize': 0.04525095687108849, 'C': [0.1077942245498528]}
    74 {'type': 'between', 'Cbet': 0.2, 'critical_node': False, 'C_without_normalize': 0.04525095687108849, 'C': [0.1077942245498528]}
    76 {'type': 'between', 'Cbet': 0.2, 'critical_node': False, 'C_without_normalize': 0.04525095687108849, 'C': [0.1077942245498528]}
    53 {'type': 'between', 'Cbet': 0.2, 'critical_node': False, 'C_without_normalize': 0.04603508147830662, 'C': [0.10966212105039155]}
------ end cal_centrality ------

