------ cal_detour ------
    --- (1) bib dijkstra method ---
        length: 16
        path: [40, 5, 0, 58, 80]
        S: [0, 1, 3, 4, 5, 6, 7, 8, 9, 10, 11, 13, 14, 15, 16, 17, 18, 19, 20, 21, 22, 23, 26, 27, 28, 29, 30, 31, 32, 33, 34, 35, 36, 37, 39, 40, 41, 42, 43, 45, 47, 49, 51, 52, 53, 55, 57, 58, 61, 62, 63, 65, 66, 67, 70, 71, 72, 73, 74, 75, 77, 78, 80, 82, 84, 85, 86, 87, 88, 89, 90, 93, 94, 95, 96, 97, 98, 99]
        T: [0, 1, 3, 4, 5, 6, 7, 8, 9, 10, 11, 13, 14, 15, 16, 17, 18, 19, 20, 21, 22, 23, 24, 26, 27, 28, 30, 31, 34, 37, 38, 39, 40, 41, 42, 43, 45, 47, 51, 52, 53, 57, 58, 60, 62, 63, 67, 70, 71, 72, 74, 75, 78, 80, 82, 84, 85, 86, 89, 93, 94, 95, 96, 97, 98, 99]
        F: [(3, 24), (3, 60), (10, 24), (11, 38), (17, 24), (27, 38), (28, 24), (33, 38), (74, 38), (87, 38), (90, 24), (99, 24)]
        U: [24, 38, 60]
    --- (2) make Hmid ---
    --- (3) process about Gs ---
    --- (4) process about Gt---
    --- (5) make Hs & Ht ---
    --- (6) make PathGraph ---
    --- (7) find k-path ---
        40532155880: 31
        4052728272880: 24
        4059755880: 25
        4053455880: 25
        4052728242880: 30
        4052155880: 31
        40539655880: 35
        40521305880: 35
        401355880: 35
        4058555880: 35
        4051855880: 35
        405305880: 33
        4050405880: 22
        405405880: 21
        4059655880: 35
        4052775272880: 22
        40539755880: 31
        405272880: 20
        4053172880: 26
        4053405880: 25
        40501605880: 22
        405979655880: 31
        405969755880: 31
        4052255880: 35
        4054505880: 29
        40531789172880: 28
        4058405880: 33
        4056355880: 35
        405355880: 29
        40508405880: 24
        40503005880: 26
        40501005880: 26
        40597305880: 35
        4051605880: 33
        4052194405880: 35
        40521272880: 33
        40509305880: 26
        40501905880: 26
        4013705880: 33
        40585405880: 24
        40506705880: 32
        40507105880: 26
        405455880: 33
        405343005880: 33
        40531772172880: 32
        40509505880: 28
        40539625880: 32
        405181605880: 29
        4053531905880: 29
        40504505880: 32
        40541005880: 33
        405010405880: 34
        4050107105880: 34
        4013272880: 22
        405439405880: 31
        405360242880: 35
        40549505880: 29
        40541905880: 28
        40563272880: 34
    --- (8) make Gd ---
    --- (9) calculate overlap ---
        [40, 5, 3, 21, 5, 58, 80]: 10.0
        [40, 5, 27, 28, 27, 28, 80]: 6.0
        [40, 5, 97, 5, 58, 80]: 10.0
        [40, 5, 34, 5, 58, 80]: 10.0
        [40, 5, 27, 28, 24, 28, 80]: 6.0
        [40, 5, 21, 5, 58, 80]: 10.0
        [40, 5, 3, 96, 5, 58, 80]: 10.0
        [40, 5, 21, 3, 0, 58, 80]: 13.0
        [40, 13, 5, 58, 80]: 4.0
        [40, 5, 85, 5, 58, 80]: 10.0
        [40, 5, 18, 5, 58, 80]: 10.0
        [40, 5, 3, 0, 58, 80]: 13.0
        [40, 5, 0, 4, 0, 58, 80]: 16.0
        [40, 5, 4, 0, 58, 80]: 13.0
        [40, 5, 96, 5, 58, 80]: 10.0
        [40, 5, 27, 75, 27, 28, 80]: 6.0
        [40, 5, 3, 97, 5, 58, 80]: 10.0
        [40, 5, 27, 28, 80]: 6.0
        [40, 5, 3, 17, 28, 80]: 6.0
        [40, 5, 3, 4, 0, 58, 80]: 13.0
        [40, 5, 0, 16, 0, 58, 80]: 16.0
        [40, 5, 97, 96, 5, 58, 80]: 10.0
        [40, 5, 96, 97, 5, 58, 80]: 10.0
        [40, 5, 22, 5, 58, 80]: 10.0
        [40, 5, 45, 0, 58, 80]: 13.0
        [40, 5, 3, 17, 89, 17, 28, 80]: 6.0
        [40, 5, 84, 0, 58, 80]: 13.0
        [40, 5, 63, 5, 58, 80]: 10.0
        [40, 5, 3, 5, 58, 80]: 10.0
        [40, 5, 0, 84, 0, 58, 80]: 16.0
        [40, 5, 0, 30, 0, 58, 80]: 16.0
        [40, 5, 0, 10, 0, 58, 80]: 16.0
        [40, 5, 97, 3, 0, 58, 80]: 13.0
        [40, 5, 16, 0, 58, 80]: 13.0
        [40, 5, 21, 94, 4, 0, 58, 80]: 13.0
        [40, 5, 21, 27, 28, 80]: 6.0
        [40, 5, 0, 93, 0, 58, 80]: 16.0
        [40, 5, 0, 19, 0, 58, 80]: 16.0
        [40, 13, 7, 0, 58, 80]: 7.0
        [40, 5, 85, 4, 0, 58, 80]: 13.0
        [40, 5, 0, 67, 0, 58, 80]: 16.0
        [40, 5, 0, 71, 0, 58, 80]: 16.0
        [40, 5, 4, 5, 58, 80]: 10.0
        [40, 5, 34, 30, 0, 58, 80]: 13.0
        [40, 5, 3, 17, 72, 17, 28, 80]: 6.0
        [40, 5, 0, 95, 0, 58, 80]: 16.0
        [40, 5, 3, 9, 62, 58, 80]: 10.0
        [40, 5, 18, 16, 0, 58, 80]: 13.0
        [40, 5, 3, 53, 19, 0, 58, 80]: 13.0
        [40, 5, 0, 45, 0, 58, 80]: 16.0
        [40, 5, 4, 10, 0, 58, 80]: 13.0
        [40, 5, 0, 10, 4, 0, 58, 80]: 16.0
        [40, 5, 0, 10, 71, 0, 58, 80]: 16.0
        [40, 13, 27, 28, 80]: 0.0
        [40, 5, 4, 39, 4, 0, 58, 80]: 13.0
        [40, 5, 3, 60, 24, 28, 80]: 6.0
        [40, 5, 4, 95, 0, 58, 80]: 13.0
        [40, 5, 4, 19, 0, 58, 80]: 13.0
        [40, 5, 63, 27, 28, 80]: 6.0
    --- (10) check cycle ---
    --- (11) check detour ---
        [40, 5, 3, 21, 5, 58, 80]: 10.0
        [40, 5, 27, 28, 27, 28, 80]: 6.0
        [40, 5, 97, 5, 58, 80]: 10.0
        [40, 5, 34, 5, 58, 80]: 10.0
        [40, 5, 27, 28, 24, 28, 80]: 6.0
        [40, 5, 21, 5, 58, 80]: 10.0
        [40, 5, 3, 96, 5, 58, 80]: 10.0
        [40, 5, 21, 3, 0, 58, 80]: 13.0
        [40, 13, 5, 58, 80]: 4.0
        [40, 5, 85, 5, 58, 80]: 10.0
        [40, 5, 18, 5, 58, 80]: 10.0
        [40, 5, 3, 0, 58, 80]: 13.0
        [40, 5, 0, 4, 0, 58, 80]: 16.0
        [40, 5, 4, 0, 58, 80]: 13.0
        [40, 5, 96, 5, 58, 80]: 10.0
        [40, 5, 27, 75, 27, 28, 80]: 6.0
        [40, 5, 3, 97, 5, 58, 80]: 10.0
        [40, 5, 27, 28, 80]: 6.0
        [40, 5, 3, 17, 28, 80]: 6.0
        [40, 5, 3, 4, 0, 58, 80]: 13.0
        [40, 5, 0, 16, 0, 58, 80]: 16.0
        [40, 5, 97, 96, 5, 58, 80]: 10.0
        [40, 5, 96, 97, 5, 58, 80]: 10.0
        [40, 5, 22, 5, 58, 80]: 10.0
        [40, 5, 45, 0, 58, 80]: 13.0
        [40, 5, 3, 17, 89, 17, 28, 80]: 6.0
        [40, 5, 84, 0, 58, 80]: 13.0
        [40, 5, 63, 5, 58, 80]: 10.0
        [40, 5, 3, 5, 58, 80]: 10.0
        [40, 5, 0, 84, 0, 58, 80]: 16.0
        [40, 5, 0, 30, 0, 58, 80]: 16.0
        [40, 5, 0, 10, 0, 58, 80]: 16.0
        [40, 5, 97, 3, 0, 58, 80]: 13.0
        [40, 5, 16, 0, 58, 80]: 13.0
        [40, 5, 21, 94, 4, 0, 58, 80]: 13.0
        [40, 5, 21, 27, 28, 80]: 6.0
        [40, 5, 0, 93, 0, 58, 80]: 16.0
        [40, 5, 0, 19, 0, 58, 80]: 16.0
        [40, 13, 7, 0, 58, 80]: 7.0
        [40, 5, 85, 4, 0, 58, 80]: 13.0
        [40, 5, 0, 67, 0, 58, 80]: 16.0
        [40, 5, 0, 71, 0, 58, 80]: 16.0
        [40, 5, 4, 5, 58, 80]: 10.0
        [40, 5, 34, 30, 0, 58, 80]: 13.0
        [40, 5, 3, 17, 72, 17, 28, 80]: 6.0
        [40, 5, 0, 95, 0, 58, 80]: 16.0
        [40, 5, 3, 9, 62, 58, 80]: 10.0
        [40, 5, 18, 16, 0, 58, 80]: 13.0
        [40, 5, 3, 53, 19, 0, 58, 80]: 13.0
        [40, 5, 0, 45, 0, 58, 80]: 16.0
        [40, 5, 4, 10, 0, 58, 80]: 13.0
        [40, 5, 0, 10, 4, 0, 58, 80]: 16.0
        [40, 5, 0, 10, 71, 0, 58, 80]: 16.0
        [40, 13, 27, 28, 80]: 0.0 (detour)
        [40, 5, 4, 39, 4, 0, 58, 80]: 13.0
        [40, 5, 3, 60, 24, 28, 80]: 6.0
        [40, 5, 4, 95, 0, 58, 80]: 13.0
        [40, 5, 4, 19, 0, 58, 80]: 13.0
        [40, 5, 63, 27, 28, 80]: 6.0
    --- (12) output ---
        [40, 5, 0, 58, 80]: 16
        [40, 13, 27, 28, 80]: 22
------ end cal_detour ------

------ cal_centrality ------
    [40, 5, 0, 58, 80]: (len: 16, RPscore: 0.22772313397264074)
    [40, 13, 27, 28, 80]: (len: 22, RPscore: 0.22322508392742582)

    40 {'type': 'src'}
    5 {'type': 'between', 'Cbet': 0.5, 'critical_node': False, 'C_without_normalize': 0.11386156698632037, 'C': [1.0]}
    0 {'type': 'between', 'Cbet': 0.5, 'critical_node': False, 'C_without_normalize': 0.11386156698632037, 'C': [1.0]}
    58 {'type': 'between', 'Cbet': 0.5, 'critical_node': False, 'C_without_normalize': 0.11386156698632037, 'C': [1.0]}
    80 {'type': 'dst'}
    13 {'type': 'between', 'Cbet': 0.5, 'critical_node': False, 'C_without_normalize': 0.11161254196371291, 'C': [0.9802477246525365]}
    27 {'type': 'between', 'Cbet': 0.5, 'critical_node': False, 'C_without_normalize': 0.11161254196371291, 'C': [0.9802477246525365]}
    28 {'type': 'between', 'Cbet': 0.5, 'critical_node': False, 'C_without_normalize': 0.11161254196371291, 'C': [0.9802477246525365]}
------ end cal_centrality ------

