[1] [2] 5
[1] [9] 5
[1] [10] 3
[2] [3] 1
[2] [10] 7
[2] [11] 8
[2] [9] 9
[3] [4] 1
[3] [11] 7
[3] [12] 9
[3] [10] 8
[4] [5] 8
[4] [12] 8
[4] [13] 5
[4] [11] 9
[5] [6] 1
[5] [13] 9
[5] [14] 9
[5] [12] 1
[6] [7] 8
[6] [14] 2
[6] [15] 5
[6] [13] 3
[7] [8] 3
[7] [15] 5
[7] [16] 9
[7] [14] 5
[8] [16] 9
[8] [15] 5
[9] [10] 2
[9] [17] 5
[9] [18] 5
[10] [11] 2
[10] [18] 4
[10] [19] 3
[10] [17] 7
[11] [12] 5
[11] [19] 1
[11] [20] 4
[11] [18] 9
[12] [13] 1
[12] [20] 3
[12] [21] 9
[12] [19] 1
[13] [14] 4
[13] [21] 4
[13] [22] 5
[13] [20] 2
[14] [15] 7
[14] [22] 7
[14] [23] 5
[14] [21] 5
[15] [16] 7
[15] [23] 8
[15] [24] 6
[15] [22] 4
[16] [24] 7
[16] [23] 6
[17] [18] 6
[17] [25] 2
[17] [26] 3
[18] [19] 2
[18] [26] 2
[18] [27] 9
[18] [25] 6
[19] [20] 3
[19] [27] 7
[19] [28] 8
[19] [26] 8
[20] [21] 9
[20] [28] 1
[20] [29] 6
[20] [27] 7
[21] [22] 5
[21] [29] 4
[21] [30] 7
[21] [28] 5
[22] [23] 7
[22] [30] 1
[22] [31] 9
[22] [29] 7
[23] [24] 9
[23] [31] 4
[23] [32] 7
[23] [30] 1
[24] [32] 6
[24] [31] 2
[25] [26] 8
[25] [33] 8
[25] [34] 8
[26] [27] 7
[26] [34] 2
[26] [35] 5
[26] [33] 5
[27] [28] 1
[27] [35] 7
[27] [36] 3
[27] [34] 6
[28] [29] 9
[28] [36] 1
[28] [37] 2
[28] [35] 1
[29] [30] 1
[29] [37] 4
[29] [38] 6
[29] [36] 2
[30] [31] 5
[30] [38] 3
[30] [39] 3
[30] [37] 5
[31] [32] 1
[31] [39] 9
[31] [40] 2
[31] [38] 7
[32] [40] 1
[32] [39] 4
[33] [34] 9
[33] [41] 2
[33] [42] 8
[34] [35] 5
[34] [42] 1
[34] [43] 3
[34] [41] 3
[35] [36] 3
[35] [43] 3
[35] [44] 3
[35] [42] 1
[36] [37] 4
[36] [44] 6
[36] [45] 3
[36] [43] 6
[37] [38] 5
[37] [45] 3
[37] [46] 6
[37] [44] 4
[38] [39] 9
[38] [46] 6
[38] [47] 1
[38] [45] 9
[39] [40] 9
[39] [47] 1
[39] [48] 6
[39] [46] 3
[40] [48] 7
[40] [47] 2
[41] [42] 8
[41] [49] 4
[41] [50] 7
[42] [43] 4
[42] [50] 6
[42] [51] 4
[42] [49] 7
[43] [44] 6
[43] [51] 6
[43] [52] 2
[43] [50] 6
[44] [45] 4
[44] [52] 3
[44] [53] 3
[44] [51] 4
[45] [46] 7
[45] [53] 4
[45] [54] 6
[45] [52] 7
[46] [47] 2
[46] [54] 3
[46] [55] 9
[46] [53] 7
[47] [48] 5
[47] [55] 3
[47] [56] 3
[47] [54] 5
[48] [56] 3
[48] [55] 4
[49] [50] 5
[49] [57] 4
[49] [58] 8
[50] [51] 2
[50] [58] 8
[50] [59] 6
[50] [57] 1
[51] [52] 4
[51] [59] 3
[51] [60] 9
[51] [58] 8
[52] [53] 4
[52] [60] 2
[52] [61] 2
[52] [59] 2
[53] [54] 9
[53] [61] 5
[53] [62] 5
[53] [60] 4
[54] [55] 1
[54] [62] 7
[54] [63] 3
[54] [61] 6
[55] [56] 7
[55] [63] 4
[55] [64] 5
[55] [62] 8
[56] [64] 7
[56] [63] 3
[57] [58] 1
[58] [59] 7
[59] [60] 7
[60] [61] 6
[61] [62] 3
[62] [63] 3
[63] [64] 5