------ cal_detour ------
    --- (1) bib dijkstra method ---
        length: 31
        path: [2, 61, 22, 5, 3, 17, 12]
        S: [0, 1, 2, 3, 4, 5, 6, 8, 9, 10, 14, 15, 16, 17, 18, 19, 20, 21, 22, 23, 26, 27, 30, 31, 34, 37, 39, 40, 43, 45, 47, 51, 53, 57, 58, 61, 63, 67, 69, 70, 71, 75, 80, 82, 84, 85, 86, 89, 93, 95, 96, 97, 98]
        T: [0, 1, 3, 4, 5, 6, 7, 8, 9, 10, 11, 12, 13, 14, 15, 16, 17, 18, 19, 20, 21, 22, 23, 24, 26, 27, 28, 29, 30, 31, 32, 33, 34, 35, 36, 37, 38, 39, 40, 41, 42, 43, 45, 47, 48, 49, 51, 52, 53, 55, 57, 58, 60, 61, 62, 63, 64, 66, 67, 68, 69, 70, 71, 72, 73, 74, 75, 77, 78, 80, 82, 84, 85, 86, 87, 88, 89, 90, 91, 93, 94, 95, 96, 97, 98, 99]
        F: [(0, 7), (0, 42), (0, 77), (1, 7), (1, 12), (1, 33), (1, 35), (1, 64), (1, 68), (1, 91), (3, 12), (3, 24), (3, 29), (3, 35), (3, 36), (3, 49), (3, 60), (4, 29), (4, 64), (4, 87), (4, 90), (4, 94), (5, 7), (5, 11), (5, 13), (5, 32), (5, 36), (5, 66), (5, 78), (5, 88), (6, 11), (6, 41), (8, 13), (8, 49), (9, 11), (9, 55), (9, 62), (9, 77), (10, 24), (10, 48), (14, 42), (14, 48), (14, 78), (15, 35), (15, 72), (16, 68), (16, 74), (17, 12), (17, 24), (17, 28), (17, 48), (17, 72), (17, 74), (18, 66), (19, 73), (20, 13), (20, 55), (21, 62), (21, 88), (21, 94), (23, 33), (23, 41), (26, 90), (27, 13), (27, 28), (27, 32), (27, 38), (27, 42), (27, 52), (39, 33), (39, 99), (40, 13), (40, 66), (40, 73), (40, 87), (43, 42), (47, 52), (58, 62), (71, 36), (75, 49), (75, 74), (80, 11), (80, 28), (82, 55), (85, 32), (86, 28), (98, 11)]
        U: [7, 11, 12, 13, 24, 28, 29, 32, 33, 35, 36, 38, 41, 42, 48, 49, 52, 55, 60, 62, 64, 66, 68, 72, 73, 74, 77, 78, 87, 88, 90, 91, 94, 99]
    --- (2) make Hmid ---
    --- (3) process about Gs ---
    --- (4) process about Gt---
    --- (5) make Hs & Ht ---
    --- (6) make PathGraph ---
    --- (7) find k-path ---
        204112: 49
        2017112: 48
        205312: 40
        20981112: 45
        20160112: 50
        20980112: 50
        2040112: 50
        205345312: 42
        20580112: 50
        2048312: 43
        20597312: 42
        20521312: 42
        20112: 44
        2011712: 49
        2045312: 45
        204312: 43
        20457635312: 48
        20596312: 46
        26123312: 50
        2016741712: 47
        205137112: 50
        2051112: 48
        205880281712: 44
        201953312: 47
        261231712: 49
        2050112: 50
        204855312: 48
        2053421312: 47
        20527281712: 44
        2052775741712: 42
    --- (8) make Gd ---
    --- (9) calculate overlap ---
        [2, 0, 4, 1, 12]: 0.0
        [2, 0, 1, 7, 1, 12]: 0.0
        [2, 0, 5, 3, 12]: 3.0
        [2, 0, 98, 11, 12]: 0.0
        [2, 0, 16, 0, 1, 12]: 0.0
        [2, 0, 98, 0, 1, 12]: 0.0
        [2, 0, 4, 0, 1, 12]: 0.0
        [2, 0, 5, 34, 5, 3, 12]: 3.0
        [2, 0, 58, 0, 1, 12]: 0.0
        [2, 0, 4, 8, 3, 12]: 0.0
        [2, 0, 5, 97, 3, 12]: 0.0
        [2, 0, 5, 21, 3, 12]: 0.0
        [2, 0, 1, 12]: 0.0
        [2, 0, 1, 17, 12]: 7.0
        [2, 0, 4, 5, 3, 12]: 3.0
        [2, 0, 4, 3, 12]: 0.0
        [2, 0, 4, 57, 63, 5, 3, 12]: 3.0
        [2, 0, 5, 96, 3, 12]: 0.0
        [2, 61, 23, 3, 12]: 9.0
        [2, 0, 16, 74, 17, 12]: 7.0
        [2, 0, 5, 13, 7, 1, 12]: 0.0
        [2, 0, 5, 11, 12]: 0.0
        [2, 0, 58, 80, 28, 17, 12]: 7.0
        [2, 0, 19, 53, 3, 12]: 0.0
        [2, 61, 23, 17, 12]: 16.0
        [2, 0, 5, 0, 1, 12]: 0.0
        [2, 0, 4, 85, 5, 3, 12]: 3.0
        [2, 0, 5, 34, 21, 3, 12]: 0.0
        [2, 0, 5, 27, 28, 17, 12]: 7.0
        [2, 0, 5, 27, 75, 74, 17, 12]: 7.0
    --- (10) check cycle ---
    --- (11) check detour ---
        [2, 0, 4, 1, 12]: 0.0 (detour)
        [2, 0, 1, 7, 1, 12]: 0.0 (detour)
        [2, 0, 5, 3, 12]: 3.0
        [2, 0, 98, 11, 12]: 0.0 (detour)
        [2, 0, 16, 0, 1, 12]: 0.0 (detour)
        [2, 0, 98, 0, 1, 12]: 0.0 (detour)
        [2, 0, 4, 0, 1, 12]: 0.0 (detour)
        [2, 0, 5, 34, 5, 3, 12]: 3.0
        [2, 0, 58, 0, 1, 12]: 0.0 (detour)
        [2, 0, 4, 8, 3, 12]: 0.0 (detour)
        [2, 0, 5, 97, 3, 12]: 0.0 (detour)
        [2, 0, 5, 21, 3, 12]: 0.0 (detour)
        [2, 0, 1, 12]: 0.0 (detour)
        [2, 0, 1, 17, 12]: 7.0
        [2, 0, 4, 5, 3, 12]: 3.0
        [2, 0, 4, 3, 12]: 0.0 (detour)
        [2, 0, 4, 57, 63, 5, 3, 12]: 3.0
        [2, 0, 5, 96, 3, 12]: 0.0 (detour)
        [2, 61, 23, 3, 12]: 9.0
        [2, 0, 16, 74, 17, 12]: 7.0
        [2, 0, 5, 13, 7, 1, 12]: 0.0 (detour)
        [2, 0, 5, 11, 12]: 0.0 (detour)
        [2, 0, 58, 80, 28, 17, 12]: 7.0
        [2, 0, 19, 53, 3, 12]: 0.0 (detour)
        [2, 61, 23, 17, 12]: 16.0
        [2, 0, 5, 0, 1, 12]: 0.0 (detour)
        [2, 0, 4, 85, 5, 3, 12]: 3.0
        [2, 0, 5, 34, 21, 3, 12]: 0.0 (detour)
        [2, 0, 5, 27, 28, 17, 12]: 7.0
        [2, 0, 5, 27, 75, 74, 17, 12]: 7.0
    --- (12) output ---
        [2, 61, 22, 5, 3, 17, 12]: 31
        [2, 0, 5, 97, 3, 12]: 42
        [2, 0, 5, 21, 3, 12]: 42
        [2, 0, 4, 8, 3, 12]: 43
        [2, 0, 4, 3, 12]: 43
        [2, 0, 1, 12]: 44
        [2, 0, 98, 11, 12]: 45
        [2, 0, 5, 96, 3, 12]: 46
        [2, 0, 19, 53, 3, 12]: 47
        [2, 0, 5, 34, 21, 3, 12]: 47
        [2, 0, 5, 11, 12]: 48
        [2, 0, 4, 1, 12]: 49
        [2, 0, 5, 13, 7, 1, 12]: 50
------ end cal_detour ------

------ cal_centrality ------
    [2, 61, 22, 5, 3, 17, 12]: (len: 31, RPscore: 0.15098328236036215)
    [2, 0, 5, 97, 3, 12]: (len: 42, RPscore: 0.17764585631430624)
    [2, 0, 5, 21, 3, 12]: (len: 42, RPscore: 0.1805155852906228)
    [2, 0, 4, 8, 3, 12]: (len: 43, RPscore: 0.18428755701945806)
    [2, 0, 4, 3, 12]: (len: 43, RPscore: 0.23338705377921617)
    [2, 0, 1, 12]: (len: 44, RPscore: 0.30760143983267535)
    [2, 0, 98, 11, 12]: (len: 45, RPscore: 0.2250767597550648)
    [2, 0, 5, 96, 3, 12]: (len: 46, RPscore: 0.18328759222025082)
    [2, 0, 19, 53, 3, 12]: (len: 47, RPscore: 0.18177903973390197)
    [2, 0, 5, 34, 21, 3, 12]: (len: 47, RPscore: 0.15138907859562867)
    [2, 0, 5, 11, 12]: (len: 48, RPscore: 0.21879080808843018)
    [2, 0, 4, 1, 12]: (len: 49, RPscore: 0.2293026408455384)
    [2, 0, 5, 13, 7, 1, 12]: (len: 50, RPscore: 0.14833410317002327)

    2 {'type': 'src'}
    61 {'type': 'between', 'Cbet': 0.07692307692307693, 'critical_node': False, 'C_without_normalize': 0.011614098643104781, 'C': [0.005196148141971175]}
    22 {'type': 'between', 'Cbet': 0.07692307692307693, 'critical_node': False, 'C_without_normalize': 0.011614098643104781, 'C': [0.005196148141971175]}
    5 {'type': 'between', 'Cbet': 0.5384615384615384, 'critical_node': False, 'C_without_normalize': 0.652048010944413, 'C': [0.2917263030615233]}
    3 {'type': 'between', 'Cbet': 0.6153846153846154, 'critical_node': False, 'C_without_normalize': 0.8881692586546135, 'C': [0.39736695760320734]}
    17 {'type': 'between', 'Cbet': 0.07692307692307693, 'critical_node': False, 'C_without_normalize': 0.011614098643104781, 'C': [0.005196148141971175]}
    12 {'type': 'dst'}
    0 {'type': 'between', 'Cbet': 0.9230769230769231, 'critical_node': False, 'C_without_normalize': 2.2351361673647236, 'C': [1.0]}
    97 {'type': 'between', 'Cbet': 0.07692307692307693, 'critical_node': False, 'C_without_normalize': 0.01366506587033125, 'C': [0.006113750951666929]}
    21 {'type': 'between', 'Cbet': 0.15384615384615385, 'critical_node': False, 'C_without_normalize': 0.051062255982500235, 'C': [0.02284525512497245]}
    4 {'type': 'between', 'Cbet': 0.23076923076923078, 'critical_node': False, 'C_without_normalize': 0.149302442687126, 'C': [0.0667979181166206]}
    8 {'type': 'between', 'Cbet': 0.07692307692307693, 'critical_node': False, 'C_without_normalize': 0.014175965924573698, 'C': [0.006342327653928791]}
    1 {'type': 'between', 'Cbet': 0.23076923076923078, 'critical_node': False, 'C_without_normalize': 0.1581318885803624, 'C': [0.07074821252022577]}
    98 {'type': 'between', 'Cbet': 0.07692307692307693, 'critical_node': False, 'C_without_normalize': 0.017313596904235756, 'C': [0.007746103864736295]}
    11 {'type': 'between', 'Cbet': 0.15384615384615385, 'critical_node': False, 'C_without_normalize': 0.06828731812976847, 'C': [0.030551748536323302]}
    96 {'type': 'between', 'Cbet': 0.07692307692307693, 'critical_node': False, 'C_without_normalize': 0.01409904555540391, 'C': [0.006307913478053109]}
    19 {'type': 'between', 'Cbet': 0.07692307692307693, 'critical_node': False, 'C_without_normalize': 0.013983003056453999, 'C': [0.006255996059935927]}
    53 {'type': 'between', 'Cbet': 0.07692307692307693, 'critical_node': False, 'C_without_normalize': 0.013983003056453999, 'C': [0.006255996059935927]}
    34 {'type': 'between', 'Cbet': 0.07692307692307693, 'critical_node': False, 'C_without_normalize': 0.011645313738125282, 'C': [0.005210113776582736]}
    13 {'type': 'between', 'Cbet': 0.07692307692307693, 'critical_node': False, 'C_without_normalize': 0.011410315628463329, 'C': [0.005104975614043395]}
    7 {'type': 'between', 'Cbet': 0.07692307692307693, 'critical_node': False, 'C_without_normalize': 0.011410315628463329, 'C': [0.005104975614043395]}
------ end cal_centrality ------

